4134
4538
4611
4808
4809
4811
4812
4813
4816
4835
4837
4842
4847
4859
7497
7609
7640
7641
7653
7721
9306
9308
9389
9394
9401
9405
9802
9803
9805
9807
9808
9809
9810
9811
9812
9814
9818
9929
9939
10099
10111
10206
10212
17428
17429
17442
17490
17621
17622
17623
17624
17633
17638
17739
17775
17776
17781
17789
17799
17816
17897
17962
17964
17968
18118
18239
18241
18242
18245
23650
23724
23764
23771
23841
23842
23844
23848
23851
23852
23853
23911
24138
24139
24141
24143
24147
24149
24151
24348
24349
24350
24352
24353
24355
24357
24358
24361
24362
24363
24364
24369
24370
24371
24372
24376
24400
24404
24406
24409
24413
24422
24424
24427
24429
24430
24444
24445
24489
24490
24547
37936
37937
37942
37963
37965
37969
37970
38019
38027
38057
38255
38283
38340
38345
38358
38364
38365
38367
38375
38378
38379
38380
38381
38564
38834
42962
44421
45061
45062
45071
45075
45079
45083
45090
45097
45101
45102
45110
45113
50922
51928
55468
55786
55933
55956
55960
55966
55967
55971
55982
55990
55991
55992
55996
56000
56002
56005
56006
56012
56013
56019
56040
56041
56042
56044
56045
56046
56047
56048
56282
58182
58448
58461
58466
58517
58518
58519
58536
58539
58540
58541
58542
58543
58563
58571
58593
58772
58777
58811
58834
58850
58851
58854
58862
58866
59009
59011
59012
59019
59029
59034
59037
59043
59045
59049
59067
59068
59073
59074
59078
59083
59223
63548
63555
63561
63567
63570
63571
63580
63581
63593
63603
63614
63617
63620
63629
63631
63633
63634
63641
63646
63647
63648
63654
63655
63689
63697
63701
63718
63835
63838
131285
131325
131482
131490
131495
131497
131511
131516
131519
131524
131536
131539
131558
131562
131567
131574
131578
132019
132147
132153
132203
132225
132437
132479
132510
132525
132536
132553
132833
133111
133118
133119
133194
133219
133465
133475
133478
133555
133774
133775
133776
133846
133865
133952
134238
134413
134417
134419
134420
134421
134425
134477
134488
134542
134543
134578
134627
134756
134760
134761
134762
134763
134764
134765
134766
134767
134768
134769
134770
134771
134772
134773
134774
134810
135054
135061
135089
135363
135377
135426
135432
135629
135671
136180
136188
136189
136190
136191
136192
136194
136195
136197
136198
136199
136200
136237
136250
136766
136769
136958
136959
137221
137263
137264
137266
137436
137539
137571
137688
137689
137690
137691
137692
137693
137694
137695
137697
137698
137699
137702
137710
137715
137718
137719
137735
137745
137746
137753
137758
137759
137764
137785
137787
137788
137798
137801
137806
138029
138169
138369
138371
138378
138407
138421
138457
138538
138545
138570
138699
138950
138979
138982
138991
139007
139018
139073
139080
139090
139099
139110
139118
139136
139137
139138
139139
139141
139148
139154
139177
139178
139179
139180
139183
139201
139203
139220
139266
139462
139587
139721
139726
139743
139767
139769
139799
139887
140061
140083
140105
140292
140293
140308
140309
140311
140318
140319
140320
140329
140330
140345
140484
140485
140486
140527
140553
140633
140636
140638
140647
140707
140716
140717
140726
140886
140903
140979
141005
141006
141025
141425
141429
141445
141679
141739
141771
141776
141998
142111
142404
142433
142608
146746
146758
146762
146771
146772
146806
146810
146812
146813
146814
146817
146822
146834
146835
146842
146966
147008
147038
148969
148981
148982
149178
149304
149475
149511
149837
149979
150145
150166
150374
151058
151185
151229
151232
151247
151253
151270
151277
151284
151295
151300
151302
151313
151397
151464
151673
151823
152092
152120
152186
152598
152631
152697
152711
152920
152922
152930
153033
153034
153057
153376
153725
153726
153911
154010
154315
154402
154648
198588
199310
199392
201674
203236
203309
205152
205610
205651
209294
209300
209306
209574
209650
210041
210176
210352
210634
211265
211843
212164
212237
212371
212532
213404
213605
213625
214439
214575
214848
214899
215502
215786
216224
