39753
41780
41979
42962
44421
44446
48301
49575
49904
50922
51928
57330
58026
58336
60666
62230
197176
197244
197281
197626
197817
198025
198078
198135
198184
198266
198305
198331
198465
198516
198527
198587
198588
198681
199310
199353
199392
199406
199691
199817
199832
199932
200021
200103
200256
200268
200472
200545
200720
200732
200789
200809
200853
200890
200936
200959
201235
201674
201705
201770
201944
202229
202256
202335
202396
202747
202782
203236
203309
203643
203655
203837
203899
203991
204051
204142
204185
204211
204244
204518
204571
204856
205008
205027
205152
205369
205418
205532
205603
205610
205618
205651
205779
205794
206315
206574
206729
206843
207091
207292
207299
207303
207317
207338
207454
207615
207780
207901
208618
208679
208698
208754
208830
208872
209187
209218
209261
209294
209300
209306
209481
209484
209556
209574
209586
209601
209645
209650
209661
210041
210176
210352
210361
210426
210634
210738
210773
210903
211158
211265
211575
211610
211721
211843
211968
211992
212053
212164
212237
212371
212532
212690
212793
212831
212982
212985
213116
213404
213545
213548
213581
213582
213605
213625
213700
213782
213806
213876
213878
213891
213903
214040
214203
214207
214439
214575
214610
214613
214633
214660
214704
214740
214759
214848
214871
214899
214921
214933
214955
214963
215007
215062
215315
215502
215507
215526
215750
215752
215786
215832
215848
215969
215995
216056
216100
216173
216224
216256
216276
216299
216412
219332
219378
219397
219480
219489
219519
